# NL ==> SL					    # NR ==> NL		
18700	76536	92600			18700	70536	92200
19700	76536	92000			18700	71536	92000
20700	76536	91800			18700	72536	92100
21700	76536	91600			18700	73536	92500
22700	76536	91300			18700	74536	92400
23700	76536	91300			18700	75536	92400
24700	76536	91500			18700	76536	92800
25700	76536	91800			
26700	76536	92300			
27700	76536	93100					
							
							
							
# SL ==> SR					    # SR ==> NR		
27700	76536	93000			27700	70536	92700
27700	75536	93000			26700	70536	91800
27700	74536	93000			25700	70536	91400
27700	73536	93000			24700	70536	91300
27700	72536	92700			23700	70536	91300
27700	71536	92500			22700	70536	91200
27700	70536	92700			21700	70536	91500
			                    20700	70536	91600
			                    19700	70536	91900
					            18700	70536	92200

